Cluster means:
   education      goals   resources      exit      voice   metrics  communication
1  0.9777778  0.6088888  0.86444440 0.8944444  0.7499999 0.5227778    0.8333333
2  0.6547619 -0.9166666 -0.76607136 0.6845237 -0.4380951 0.6678571    0.4875000
3 -0.4117646 -1.0000000  0.05882353 0.5980391 -0.8823529 0.7254901    0.7941176
4  0.8765432 -0.7901234  0.75308630 0.8024691 -0.1728394 0.4629629    0.5617283
    

Cluster means:
    education      goals  resources      exit      voice   metrics
1  0.90740739 -0.8796296  0.1865740 0.7638888 -0.2712962 0.5796296
2 -0.08602152 -0.9784946 -0.3817204 0.5967741 -0.7795698 0.6505375
3  0.98095237  0.4647618  0.8838095 0.9095238  0.6999999 0.5195238

Cluster means:
  education      goals  resources      exit      voice   metrics communication
1 0.9829060  0.3658119  0.8615384 0.9017094  0.6452990 0.4833333     0.7905982
2 0.4126984 -0.9523809 -0.1235450 0.6772486 -0.5492062 0.6407407     0.5791005