

Cluster means:
  education      goals  resources      exit      voice   metrics communication
1 0.4126984 -0.9523809 -0.1235450 0.6772486 -0.5492062 0.6407407     0.5791005
2 0.9829060  0.3658119  0.8615384 0.9017094  0.6452990 0.4833333     0.7905982


Cluster means:
  education      goals  resources      exit      voice   metrics communication
1 0.2166666 -0.9541667 -0.5229166 0.6208332 -0.6208332 0.7333333     0.6770833
2 0.9797980  0.5333332  0.8767676 0.9040404  0.7020201 0.5308081     0.8333333
3 0.8045977 -0.8678160  0.6137930 0.7988505 -0.2678160 0.4264368     0.4390804


   education      goals  resources      exit      voice   metrics communication
1  0.9466666 -0.7733332  0.7333332 0.8666666 -0.1599999 0.5000000     0.5266666
2  0.9777778  0.6088888  0.8644444 0.8944444  0.7499999 0.5227778     0.8333333
3  0.6333333 -0.9222222 -0.7372221 0.6611110 -0.4755554 0.6900000     0.5216667
4 -0.4509803 -1.0000000  0.2156862 0.5588235 -0.8039215 0.6078431     0.7941176